0.49945580989730604
0.5090099691736455
0.4936292095451939
0.5037744647386123
0.48936348180381617
0.4880119622970114
0.47597371285059015
0.4669480202149372
0.4719260155546422
0.4637171261164607
0.45920452901295256
0.44605836393881815
0.44341105800502156
0.44882249862563856
0.43525495121673663
0.4447903620953463
0.437560181228482
0.43463210122925894
0.43175121259932614
0.4290536064274457
0.4206187068199625
0.4214677211581444
0.41152323143822805
0.4193299917542205
0.4043913094364867
0.41074597592256507
0.40682720408147693
0.40332998274540416
0.39332471879161135
0.40019000762579393
0.38638802754635715
0.3975164677415575
0.3841909297874996
0.3825883500430049
0.38014424333767016
0.3785683959722519
0.36803267622480584
0.36356259760807974
0.3725007836307798
0.3579428633865045
0.37248190446775786
0.35888267490936787
0.3517749908627296
0.3508229407728935
0.34787492560488836
0.3360461899820639
0.35288863005686777
0.33608950400839044
0.33226454014680823
0.3357393843482952
0.33656712043650294
0.33084861249948033
0.33253718669317206
0.3289133022938456
0.3190471373346387
0.31294237472573105
0.3106314088312947
0.3160106719148402
0.3136458392350041
0.30278403950589045
0.29669332124140796
0.29166201882216397
0.29644552633470417
0.28700520828062176
0.2981232468570982
0.28918309266469916
0.2798489064586406
0.27850800372508105
0.27986469074171416
0.2642662993499211
0.2702115883632582
0.2691169519509588
0.26137808543078755
0.25938156064675777
0.25612838034118923
0.25545026772484486
0.2541941433232658
0.24901278438616772
0.23450520665061717
0.24693644548557242
0.23086871465249936
0.24309778259116777
0.23680219860101231
0.2237997248160596
0.230221511606051
0.2233543105575503
0.21246963952268874
0.21820836286155545
0.2181143629155597
0.20583585087133913
0.20580460131168365
0.20524488883663197
0.20194897222883848
0.2018486005159057
0.19520423705784642
0.19649892003864658
0.18841933086514473
0.18041568127821903
0.18279599162692928
0.18171121666626056
0.1739276987405456
0.17435638872640474
0.17050249958220792
0.16714343398201223
0.16242599350457287
0.16422763101908625
0.15918973901746225
0.1514639606585308
0.15428826212882996
0.1513700969517231
0.14377962189669513
0.14845246137404927
0.1387590789521227
0.14173871544854982
0.13805705118848352
0.13506953144560055
0.13038218842477214
0.13261028166328157
0.127894398357187
0.12835621826198637
0.11988524902535945
0.11545514984398472
0.12483457278232185
0.11465100107752547
0.11374246446909952
0.10895551862765332
0.10928468444213575
0.11193345274244036
0.10520925110548127
0.09840010908641378
0.10023971301104341
0.0946881539207332
0.09446111925858625
0.09063996469640002
0.09241295503262355
0.08951020119141559
0.08507180016259758
0.08312725587462892
0.08355892141710738
0.08093140582192918
0.08094331458667103
0.076224497861552
0.0805557909592682
0.0728597758261829
0.07320112818662002
0.07403608080835974
0.06873266106205327
0.07002117897250823
0.0683051978561039
0.06721971024359975
0.06570685827838522
0.06278595269410586
0.06971873432321816
0.0673355239120369
0.06834940338621334
0.06775561195551133
0.0683085292919862
0.06254216889869801
0.06151268678736322
0.062246582375801336
0.062212303889041046
0.06232547965280864
0.06280347965277579
0.062326064998550076
0.06255692498264265
0.058484237508050034
0.06260340111520217
0.06043879277243906
0.0614979833896671
0.06144107024812577
0.060143496366027664
0.06513272854974683
0.062095540385617286
0.06422501237948938
0.06216326679996386
0.05984257690000291
0.058727884075927494
0.06246766676099933
0.06370223716509585
0.06542762285288499
0.060407266781038166
0.060082338313210984
0.05967616595860038
0.06381412821688823
0.060810587520958206
0.05870342323062371
0.06277888971475923
0.06446007696189443
0.06618670442578745
0.06082265031504996
0.06640784571669539
0.065649925845162
0.06775921548963809
0.06704550764846559
0.07010303082286704
0.07020481599836934
0.07359910193754703
0.07528369543047583
0.07631366295093785
0.07475805470757947
